1870,6
1870,5
1870,4
1870,3
1870,2
1870,1
1870,0
1869,6
1869,5
1869,4
1869,3
1869,2
1869,1
1869,0
1868,6
1868,5
1868,4
1868,3
1868,2
1868,1
1868,0
1867,5
1867,4
1867,3
1867,2
1867,1
1867,0
1866,5
1866,4
1866,3
1866,2
1866,1
1866,0
1865,5
1865,4
1865,3
1865,2
1865,1
1865,0
1864,5
1864,4
1864,3
1864,2
1864,1
1864,0
1863,4
1863,3
1863,2
1863,1
1863,0
1862,4
1862,3
1862,2
1862,1
1862,0
1861,5
1861,4
1861,3
1861,2
1861,1
1861,0
1860,4
1860,3
1860,2
1860,1
1860,0
1859,4
1859,3
1859,2
1859,1
1859,0
0,574
1858,4
1858,3
1858,2
1858,1
1858,0
1857,5
1857,4
1857,3
1857,2
1857,1
1857,0
1856,4
1856,3
1856,2
1856,1
1856,0
1855,5
1855,4
1855,3
1855,2
1855,1
1855,0
1854,4
1854,3
1854,2
1854,1
1854,0
1853,5
1853,4
1853,3
1853,2
1853,1
1853,0
1852,4
1852,3
1852,2
1852,1
1852,0
1851,4
1851,3
1851,2
1851,1
1851,0
1850,5
1850,4
1850,3
1850,2
1850,1
1850,0
1849,4
1849,3
1849,2
1849,1
1849,0
1848,4
1848,3
1848,2
1848,1
1848,0
0,560
1847,4
1847,3
1847,2
1847,1
1847,0
1838,4
1846,4
1846,3
1846,2
0,557
0,556
1846,1
1846,0
1845,4
1845,3
1845,2
1845,1
1845,0
1844,3
1844,2
1844,1
1844,0
1843,3
1843,2
1843,1
1843,0
1842,3
1842,2
1842,1
1842,0
1841,3
1841,2
1841,1
1841,0
1840,3
1840,2
1840,1
1840,0
1839,4
1839,3
1839,2
1839,1
1839,0
1838,3
1838,2
1838,1
1838,0
1837,4
1837,3
1837,2
1837,1
1837,0
1836,3
1836,2
1836,1
1836,0
1835,3
1835,2
1835,1
1835,0
0,551
1834,6
1834,5
1834,4
1834,3
1834,2
1834,1
1834,0
1833,5
1833,4
1833,3
1833,2
1833,1
1833,0
0,548
1832,5
1832,4
1832,3
1832,2
1832,1
1832,0
1831,5
1831,4
1831,3
1831,2
1831,1
1831,0
1830,5
1830,4
1830,3
1830,2
1830,1
1830,0
1829,4
1829,3
1829,2
1829,1
1829,0
1828,4
1828,3
1828,2
1828,1
1828,0
1827,5
1827,4
1827,3
1827,2
1827,1
1827,0
1826,4
1826,3
1826,2
1826,1
1826,0
1825,4
1825,3
1825,2
1825,1
1825,0
1824,4
1824,3
1824,2
1824,1
1824,0
0,545
1823,5
1823,4
1823,3
1823,2
1823,1
1823,0
0,540
1822,4
1822,3
1822,2
1822,1
1822,0
1821,5
1821,4
1821,3
1821,2
1821,1
1821,0
0,539
1820,4
1820,3
1820,2
1820,1
1820,0
1819,5
1819,4
1819,3
1819,2
1819,1
1819,0
1818,4
1818,3
1818,2
1818,1
1818,0
1817,4
1817,3
1817,2
1817,1
1817,0
0,535
1816,5
1816,4
1816,3
1816,2
1816,1
1816,0
1815,4
1815,3
1815,2
1815,1
1815,0
1814,4
1814,3
1814,2
1814,1
1814,0
1813,4
1813,3
1813,2
1813,1
1813,0
